5
 -2.191908974027050e+00  1.130899693750000e+00  0.000000000000000e+00  0.000000000000000e+00  0.000000000000000e+00 -1.738200612500000e+00
  8.691003062500000e-01 -2.191908974027050e+00  1.130899693750000e+00  0.000000000000000e+00  0.000000000000000e+00  0.000000000000000e+00
  0.000000000000000e+00  8.691003062500000e-01 -2.191908974027050e+00  1.130899693750000e+00  0.000000000000000e+00  0.000000000000000e+00
  0.000000000000000e+00  0.000000000000000e+00  8.691003062500000e-01 -2.191908974027050e+00  1.130899693750000e+00  0.000000000000000e+00
  0.000000000000000e+00  0.000000000000000e+00  0.000000000000000e+00  8.691003062500000e-01 -2.191908974027050e+00  2.261799387500000e+00

  8.670523336646699e-01  1.434695152262365e-01 -3.882949345501924e-01 -8.628704434429815e-01 -1.374017073627439e+00
21
  6.804992845952102e-05
  2.74159982e-02
5
 -2.191908974027051e+00  1.130899693749999e+00  0.000000000000000e+00  0.000000000000000e+00  0.000000000000000e+00 -1.500774831387082e+00
  8.691003062500000e-01 -2.191908974027051e+00  1.130899693749999e+00  0.000000000000000e+00  0.000000000000000e+00  1.370778388748534e-01
  0.000000000000000e+00  8.691003062500000e-01 -2.191908974027051e+00  1.130899693749999e+00  0.000000000000000e+00  4.920811303936179e-10
  0.000000000000000e+00  0.000000000000000e+00  8.691003062500000e-01 -2.191908974027051e+00  1.130899693749999e+00 -1.370778380225440e-01
  0.000000000000000e+00  0.000000000000000e+00  0.000000000000000e+00  8.691003062500000e-01 -2.191908974027051e+00  2.024373606879162e+00

  7.068908813472490e-01  4.307725434383172e-02 -3.385091020430535e-01 -6.891820888811331e-01 -1.196829796525755e+00
17
  6.924600780376297e-05
  1.53749994e-02
